%YAML:1.0
---
names:
  - "220403117"
  - "220403119"
  - "220403129"
  - "220403131"
K_220403117: !!opencv-matrix
  rows: 3
  cols: 3
  dt: d
  data: [1820.389038, 0.000000, 1028.832311, 0.000000, 1820.110406, 763.815691, 0.000000, 0.000000, 1.000000]
dist_220403117: !!opencv-matrix
  rows: 1
  cols: 5
  dt: d
  data: [-0.086392, 0.214311, 0.000132, -0.000051, 0.000000]
K_220403119: !!opencv-matrix
  rows: 3
  cols: 3
  dt: d
  data: [1800.389038, 0.000000, 700.832311, 0.000000, 1800.110406, 763.815691, 0.000000, 0.000000, 1.000000]
dist_220403119: !!opencv-matrix
  rows: 1
  cols: 5
  dt: d
  data: [-0.086392, 0.214311, 0.000132, -0.000051, 0.000000]
K_220403129: !!opencv-matrix
  rows: 3
  cols: 3
  dt: d
  data: [1720.389038, 0.000000, 128.832311, 0.000000, 1720.110406, 163.815691, 0.000000, 0.000000, 1.000000]
dist_220403129: !!opencv-matrix
  rows: 1
  cols: 5
  dt: d
  data: [-0.086392, 0.214311, 0.000132, -0.000051, 0.000000]
K_220403131: !!opencv-matrix
  rows: 3
  cols: 3
  dt: d
  data: [1900.389038, 0.000000, 500.832311, 0.000000, 1910.110406, 463.815691, 0.000000, 0.000000, 1.000000]
dist_220403131: !!opencv-matrix
  rows: 1
  cols: 5
  dt: d
  data: [-0.086392, 0.214311, 0.000132, -0.000051, 0.000000]
